DingTalkToken  = 018949c267*****************
DingTalkSec = SEC700b975e*******************
Latitude = 39.853147
Longitude = 116.673329
Distance = 19600